BarrierInstance:
    thetaO1 = 0
    P0 = {0, 0}
    SPM = 0.0385439626640142
Eo = 0.000872665
Ep = 0.017